I = [1.000000 0.999996 0.999984 0.999966 0.999941 0.999913 0.999873 0.999829 0.999760 0.999676 0.999590 ;0.000000 0.000687 0.001240 0.001958 0.002358 0.002886 0.002947 0.003096 0.002650 0.002332 0.001976 ;0.000000 -0.002849 -0.005490 -0.007980 -0.010571 -0.012861 -0.015663 -0.018229 -0.021750 -0.025345 -0.028563 ]; 
J = [0.000000 -0.000681 -0.001221 -0.001919 -0.002301 -0.002816 -0.002879 -0.003046 -0.002631 -0.002392 -0.002149 ;1.000000 0.999998 0.999993 0.999986 0.999983 0.999981 0.999986 0.999992 0.999996 0.999994 0.999980 ;0.000000 0.001852 0.003550 0.004885 0.005393 0.005458 0.004376 0.002749 0.000891 -0.002316 -0.005993 ]; 
K = [0.000000 0.002850 0.005495 0.007990 0.010583 0.012877 0.015676 0.018237 0.021752 0.025339 0.028551 ;0.000000 -0.001850 -0.003544 -0.004869 -0.005368 -0.005422 -0.004331 -0.002693 -0.000834 0.002375 0.006052 ;1.000000 0.999994 0.999979 0.999956 0.999930 0.999902 0.999868 0.999830 0.999763 0.999676 0.999574 ]; 
x = [0.000000 -0.003002 -0.005712 -0.008117 -0.010946 -0.013184 -0.016339 -0.018981 -0.022846 -0.026835 -0.030479 ]; 
y = [0.000000 0.015613 0.031136 0.046029 0.059611 0.073183 0.085292 0.096614 0.108073 0.116977 0.125620 ];
z = [0.000000 0.001870 0.003872 0.005967 0.008572 0.011106 0.014096 0.016991 0.020206 0.023738 0.026803 ]; 
