I = [1.000000 0.999996 0.999970 0.999899 0.999832 0.999843 0.999784 0.999682 0.999595 0.999462 0.999308 0.999330 0.999156 0.998952 0.998653 0.998502 0.998319 0.998354 0.998047 0.997785 0.997351 0.997004 0.996631 0.996558 0.996266 0.995929 0.995313 0.994857 0.994247 0.994119 0.993590 0.993122 0.992592 0.992034 0.991245 0.991226 0.990630 0.989531 0.988967 0.988074 0.986989 0.986776 0.985918 0.985086 0.984089 0.983521 0.982567 0.982336 0.981566 0.980891 0.980506 0.979735 0.979126 0.979099 0.979245 0.979400 0.979549 0.979812 0.979982 0.980117 0.980120 0.980467 0.980461 0.981282 0.981877 0.982363 0.982348 0.983012 0.983808 0.984182 0.984702 0.985432 0.985341 0.985845 0.986721 0.987410 0.988008 0.988531 0.988578 0.989158 0.989791 0.990303 0.990979 0.991527 0.991575 0.992260 0.992848 0.993349 0.993912 0.994521 0.994526 0.995013 0.995549 0.995973 0.996494 0.996911 0.996926 0.997327 0.997706 0.998113 0.998489 0.998752 0.998745 0.999069 0.999270 0.999430 0.999558 0.999615 0.999614 0.999621 0.999589 0.999510 0.999376 0.999173 0.999179 0.998955 0.998737 0.998377 0.998027 0.997645 0.997669 0.997190 0.996740 0.996242 0.995610 0.995114 0.995130 0.994551 0.993812 0.993326 0.992510 0.991875 0.991808 0.991115 0.990387 0.989487 0.988697 0.988029 0.987985 0.987143 0.986450 0.985619 0.984884 0.984093 0.984118 0.983495 0.982421 0.981685 0.980834 0.979691 0.979680 0.978801 0.977982 0.976702 0.975851 0.974871 0.974798 0.973626 0.972588 0.971768 0.970613 0.969565 0.969583 0.968953 0.967516 0.966691 0.965948 0.965017 0.965315 0.964522 0.963407 0.962768 0.961872 0.960981 0.960968 0.960078 0.959657 0.958876 0.958014 0.956965 0.957169 0.956700 0.955816 0.955065 0.954279 0.953523 0.953682 0.952893 0.951961 0.951423 0.950761 0.950405 0.950645 0.949972 0.949125 0.949295 0.948882 0.949087 0.948864 0.948888 0.948622 0.948487 0.948784 0.948673 0.948524 0.948136 0.948692 0.948825 0.949063 0.949109 0.949276 0.949938 0.950289 0.950585 0.951467 0.951538 0.951190 0.952246 0.952317 0.953200 0.953827 0.954461 0.954725 0.955375 0.956429 0.957385 0.958013 0.959185 0.958920 0.959865 0.960835 0.961897 0.963354 0.964020 0.964143 0.965182 0.966160 0.967013 0.968082 0.969120 0.969017 0.969636 0.970933 0.972157 0.973043 0.974161 0.974252 0.975254 0.976288 0.977123 0.978312 0.979256 0.979185 0.980241 0.980947 0.981888 0.982721 0.983850 0.984349 0.984415 0.985223 0.985899 0.986419 0.986910 0.987525 0.987431 0.987964 0.988562 0.989071 0.989726 0.990391 0.990507 0.991285 0.992043 0.992654 0.993315 0.993952 0.993996 ;0.000000 0.000411 0.000606 0.001001 0.001447 0.001389 0.001532 0.001825 0.002192 0.002309 0.002661 0.002902 0.003056 0.003384 0.003515 0.003788 0.004050 0.004008 0.004203 0.004401 0.004665 0.005036 0.005101 0.005140 0.005432 0.005460 0.005765 0.005971 0.006022 0.006030 0.006176 0.006431 0.006763 0.006746 0.006867 0.007080 0.007291 0.007396 0.007499 0.007678 0.008121 0.008137 0.008053 0.008268 0.008418 0.008654 0.008872 0.008947 0.009142 0.009298 0.009718 0.009809 0.009826 0.009866 0.010266 0.010643 0.010711 0.011122 0.011330 0.011827 0.011852 0.011918 0.012282 0.012666 0.013020 0.013186 0.013018 0.013547 0.013906 0.014144 0.014524 0.014997 0.014987 0.015420 0.015866 0.016094 0.016482 0.017179 0.017195 0.017431 0.017656 0.017977 0.018521 0.018754 0.018776 0.019281 0.019681 0.020168 0.020481 0.020816 0.020795 0.021112 0.021654 0.022022 0.022334 0.022815 0.022863 0.023315 0.023755 0.024173 0.024667 0.025162 0.025166 0.025430 0.025790 0.026338 0.026732 0.026971 0.026937 0.027512 0.027761 0.027950 0.028320 0.028454 0.028432 0.028738 0.028956 0.029233 0.029380 0.029623 0.029610 0.029678 0.029974 0.030013 0.030308 0.030317 0.030279 0.030580 0.030634 0.030975 0.031080 0.031209 0.031178 0.031487 0.031557 0.031813 0.031869 0.031981 0.032007 0.032408 0.032518 0.032543 0.032883 0.032956 0.033001 0.033364 0.033294 0.033541 0.033897 0.034009 0.033964 0.034267 0.034494 0.034661 0.034946 0.035138 0.035089 0.035436 0.035772 0.036062 0.036353 0.036806 0.036789 0.037098 0.037468 0.037689 0.038149 0.038614 0.038530 0.038899 0.039098 0.039577 0.039912 0.040336 0.040336 0.040683 0.041226 0.041754 0.042010 0.042408 0.042450 0.043162 0.043713 0.044180 0.044565 0.045232 0.045251 0.045842 0.046410 0.046819 0.047496 0.048002 0.048028 0.048346 0.048936 0.049591 0.049990 0.050595 0.050553 0.051267 0.051988 0.052550 0.053168 0.053811 0.053826 0.054385 0.055018 0.055791 0.056493 0.057169 0.057179 0.058034 0.058578 0.059388 0.059989 0.061043 0.061212 0.061654 0.062359 0.063165 0.063971 0.064592 0.064439 0.065297 0.065953 0.066524 0.066993 0.068009 0.068178 0.068750 0.069397 0.069866 0.070580 0.071254 0.071217 0.071656 0.072220 0.072873 0.073366 0.073790 0.073862 0.074592 0.075225 0.075750 0.076034 0.076570 0.076545 0.077084 0.077431 0.077807 0.078216 0.078625 0.078659 0.078926 0.079285 0.079696 0.080197 0.079989 0.080351 0.080318 0.080508 0.080726 0.081010 0.081279 0.081502 0.081550 0.081842 0.081825 0.082101 0.082205 0.082289 0.082315 0.082106 0.081889 0.081935 0.081740 0.081356 0.081287 ;0.000000 0.002787 0.007714 0.014178 0.018266 0.017666 0.020742 0.025156 0.028382 0.032715 0.037093 0.036493 0.040964 0.045653 0.051760 0.054587 0.057812 0.057210 0.062320 0.066378 0.072588 0.077183 0.081855 0.082735 0.086166 0.089981 0.096533 0.101110 0.106944 0.108123 0.112879 0.116908 0.121310 0.125787 0.131856 0.131991 0.136377 0.144129 0.147947 0.153789 0.160584 0.161883 0.167033 0.171865 0.177475 0.180588 0.185697 0.186909 0.190903 0.194334 0.196250 0.200060 0.203017 0.203145 0.202422 0.201647 0.200922 0.199610 0.198763 0.198067 0.198051 0.196324 0.196329 0.192160 0.189074 0.186516 0.186609 0.183041 0.178685 0.176594 0.173639 0.169409 0.169936 0.166947 0.161650 0.157358 0.153521 0.150038 0.149725 0.145817 0.141426 0.137759 0.132729 0.128537 0.128163 0.122674 0.117754 0.113361 0.108259 0.102446 0.102399 0.097489 0.091720 0.086907 0.080634 0.075148 0.074942 0.069254 0.063388 0.056447 0.049106 0.043150 0.043294 0.034839 0.028190 0.021098 0.013040 0.006465 0.006801 0.000865 -0.007212 -0.014111 -0.021111 -0.029053 -0.028859 -0.035529 -0.041072 -0.048874 -0.055490 -0.061857 -0.061486 -0.068787 -0.074903 -0.081244 -0.088555 -0.093960 -0.093808 -0.099669 -0.106766 -0.111108 -0.118146 -0.123331 -0.123876 -0.129226 -0.134678 -0.141076 -0.146502 -0.150915 -0.151201 -0.156518 -0.160807 -0.165817 -0.170065 -0.174572 -0.174420 -0.177833 -0.183685 -0.187533 -0.191875 -0.197606 -0.197669 -0.201928 -0.205821 -0.211784 -0.215625 -0.219983 -0.220313 -0.225382 -0.229765 -0.233167 -0.237885 -0.242053 -0.241981 -0.244446 -0.250017 -0.253154 -0.255909 -0.259330 -0.258229 -0.261120 -0.265176 -0.267417 -0.270572 -0.273656 -0.273702 -0.276759 -0.278136 -0.280737 -0.283627 -0.287088 -0.286400 -0.287857 -0.290697 -0.293084 -0.295577 -0.297906 -0.297394 -0.299822 -0.302682 -0.304307 -0.306266 -0.307288 -0.306540 -0.308572 -0.311073 -0.310451 -0.311648 -0.310925 -0.311610 -0.311420 -0.312112 -0.312428 -0.311419 -0.311647 -0.312099 -0.313178 -0.311377 -0.310835 -0.309979 -0.309716 -0.309202 -0.307001 -0.305810 -0.304731 -0.301849 -0.301412 -0.302474 -0.299042 -0.298670 -0.295670 -0.293466 -0.291260 -0.290428 -0.288087 -0.284417 -0.281048 -0.278789 -0.274479 -0.275363 -0.271907 -0.268291 -0.264334 -0.258782 -0.256103 -0.255650 -0.251573 -0.247626 -0.244082 -0.239655 -0.235289 -0.235692 -0.232898 -0.227223 -0.221750 -0.217731 -0.212480 -0.212071 -0.207213 -0.202153 -0.197930 -0.191803 -0.186750 -0.187107 -0.181381 -0.177358 -0.171883 -0.166815 -0.160130 -0.156844 -0.156447 -0.151175 -0.146586 -0.142879 -0.139293 -0.134729 -0.135387 -0.131262 -0.126686 -0.122463 -0.116979 -0.111154 -0.110088 -0.103014 -0.095627 -0.089016 -0.081509 -0.073763 -0.073239 ]; 
