I = [1.000000 0.996206 0.984855 ;0.000000 0.087025 0.173379 ;0.000000 0.000042 0.000095 ]; 
J = [0.000000 -0.087025 -0.173379 ;1.000000 0.996206 0.984855 ;0.000000 -0.000129 -0.000191 ]; 
K = [0.000000 -0.000053 -0.000127 ;0.000000 0.000124 0.000171 ;1.000000 1.000000 1.000000 ]; 
x = [0.000000 0.057595 0.121847 ]; 
y = [0.000000 -0.064911 -0.110670 ];
z = [0.000000 -0.682180 -1.365371 ]; 
