I = [1.000000 0.999801 1.000000 0.999802 0.999205 0.998209 0.996815 0.995023 0.992834 0.990250 0.997933 0.996450 0.994569 0.992284 ;0.000000 0.019946 -0.000053 0.019906 0.039868 0.059825 0.079753 0.099645 0.119497 0.139302 0.064264 0.084186 0.104081 0.123978 ;0.000000 0.000053 0.000060 0.000075 0.000126 0.000357 0.000432 0.000539 0.000707 0.000960 0.000599 0.000676 0.000788 0.001090 ]; 
J = [0.000000 -0.019946 0.000053 -0.019906 -0.039868 -0.059825 -0.079753 -0.099645 -0.119498 -0.139302 -0.064265 -0.084186 -0.104082 -0.123979 ;1.000000 0.999801 1.000000 0.999802 0.999205 0.998209 0.996815 0.995023 0.992834 0.990250 0.997932 0.996449 0.994568 0.992284 ;0.000000 -0.000209 -0.000209 -0.000158 -0.000117 -0.000263 -0.000179 0.000006 0.000275 0.000514 0.000969 0.001050 0.000986 0.000944 ]; 
K = [0.000000 -0.000057 -0.000060 -0.000079 -0.000131 -0.000372 -0.000444 -0.000535 -0.000669 -0.000879 -0.000536 -0.000585 -0.000681 -0.000965 ;0.000000 0.000207 0.000209 0.000157 0.000112 0.000241 0.000144 -0.000060 -0.000358 -0.000643 -0.001006 -0.001103 -0.001062 -0.001072 ;1.000000 1.000000 1.000000 1.000000 1.000000 1.000000 1.000000 1.000000 1.000000 0.999999 0.999999 0.999999 0.999999 0.999999 ]; 
x = [0.000000 -2.525494 -17.984920 -20.521877 -23.102500 -25.696345 -28.370801 -31.088102 -33.843324 -36.629662 -35.700548 -37.810033 -39.778869 -41.580987 ]; 
y = [0.000000 2.499900 -0.039736 2.510569 5.008272 7.421799 9.825034 12.193013 14.523074 16.795377 -11.023981 -17.613495 -24.269739 -30.954567 ];
z = [0.000000 -0.072785 -0.073303 -0.138836 -0.208943 -0.286432 -0.354699 -0.433044 -0.510662 -0.589027 -11.422985 -11.512086 -11.593021 -11.682638 ]; 
