I = [1.000000 0.999996 0.999984 0.999966 0.999941 0.999913 0.999873 0.999829 0.999760 0.999676 0.999590 ;0.000000 0.000687 0.001240 0.001958 0.002358 0.002886 0.002947 0.003096 0.002650 0.002332 0.001976 ;0.000000 -0.002849 -0.005490 -0.007980 -0.010571 -0.012861 -0.015663 -0.018229 -0.021750 -0.025345 -0.028563 ]; 
J = [0.000000 -0.000681 -0.001221 -0.001919 -0.002301 -0.002816 -0.002879 -0.003046 -0.002631 -0.002392 -0.002149 ;1.000000 0.999998 0.999993 0.999986 0.999983 0.999981 0.999986 0.999992 0.999996 0.999994 0.999980 ;0.000000 0.001852 0.003550 0.004885 0.005393 0.005458 0.004376 0.002749 0.000891 -0.002316 -0.005993 ]; 
K = [0.000000 0.002850 0.005495 0.007990 0.010583 0.012877 0.015676 0.018237 0.021752 0.025339 0.028551 ;0.000000 -0.001850 -0.003544 -0.004869 -0.005368 -0.005422 -0.004331 -0.002693 -0.000834 0.002375 0.006052 ;1.000000 0.999994 0.999979 0.999956 0.999930 0.999902 0.999868 0.999830 0.999763 0.999676 0.999574 ]; 
x = [0.000000 -0.300246 -0.571200 -0.811724 -1.094644 -1.318414 -1.633859 -1.898085 -2.284574 -2.683481 -3.047923 ]; 
y = [0.000000 1.561300 3.113628 4.602910 5.961134 7.318281 8.529195 9.661364 10.807339 11.697749 12.561995 ];
z = [0.000000 0.186969 0.387201 0.596749 0.857174 1.110554 1.409562 1.699055 2.020645 2.373835 2.680331 ]; 
