I = [1.000000 0.999999 0.999982 0.999982 0.999953 0.999925 0.999894 0.999801 0.999749 0.999758 0.999733 0.999680 0.999561 0.999478 0.999356 0.999378 0.999345 0.999221 0.999095 0.998984 0.998941 0.998958 0.998805 0.998607 0.998516 0.998386 0.998202 0.998169 0.998072 0.997998 0.997724 0.997613 0.997410 0.997445 0.997301 0.997079 0.996935 0.996723 0.996449 0.996383 0.996250 0.996047 0.995705 0.995482 0.995246 0.995202 0.994973 0.994577 0.994319 0.994050 0.993680 0.993743 0.993467 0.993208 0.992853 0.992653 0.992302 0.992329 0.991983 0.991695 0.991248 0.991015 0.990595 0.990648 0.990421 0.989895 0.989528 0.989344 0.988995 0.989117 0.988859 0.988349 0.987950 0.987750 0.987236 0.987282 0.986762 0.986484 0.986391 0.985982 0.985606 0.985672 0.985078 0.984765 0.984465 0.984170 0.983705 0.983627 0.983251 0.982883 0.982422 0.981801 0.981616 0.981508 0.981228 0.980521 0.979997 0.979671 0.979168 0.979264 0.978704 0.978325 0.978105 0.977534 0.977039 0.977121 0.976679 0.976469 0.975846 0.975366 0.974762 0.974567 0.974672 0.974316 0.973717 0.973357 0.972699 0.972487 0.972625 0.972110 0.971828 0.971669 0.971015 0.970455 0.970365 0.970073 0.969456 0.969057 0.968708 0.968424 0.968491 0.968211 0.967828 0.967064 0.966771 0.966543 0.966432 0.965706 0.965361 0.965231 0.964517 0.964056 0.963941 0.963821 0.963260 0.962914 0.962458 0.961773 0.961766 0.961573 0.961312 0.960932 0.960192 0.960366 0.960386 0.959180 0.959062 0.958681 0.958221 0.957683 0.957827 0.957513 0.957006 0.957021 0.956569 0.955927 0.955938 0.955252 0.955165 0.954573 0.954037 0.953990 0.953963 0.953458 0.952944 0.952581 0.952537 0.952010 0.952072 0.951641 0.950939 0.950538 0.950759 0.950399 0.950550 0.949591 0.949672 0.949269 0.948757 0.948251 0.948231 0.947718 0.947696 0.947129 0.946821 0.946532 0.946649 0.946342 0.946119 0.945703 0.945093 0.945066 0.945164 0.944556 0.944415 0.943921 0.943735 0.943192 0.943161 0.942530 0.942511 0.942146 0.941812 0.941477 0.941628 0.941198 0.940739 0.940202 0.939863 0.939529 0.939521 0.939180 0.938862 0.938203 0.937854 0.937677 0.937714 0.937178 0.936888 0.936556 0.935658 0.935347 0.935379 0.934982 0.934732 0.934185 0.933724 0.933073 0.933123 0.933118 0.932347 0.931760 0.931192 0.931437 0.931632 0.930879 0.930277 0.930305 0.929600 0.929370 0.929243 0.928678 0.928305 0.928316 0.927706 0.927233 0.927194 0.927216 0.927084 0.926564 0.925883 0.925998 0.926102 0.925350 0.925067 0.924583 0.924577 0.924121 0.924046 0.923790 0.923461 0.923737 0.923215 0.922817 0.922786 0.921942 0.922401 0.921973 0.921824 0.921324 0.921202 0.920573 0.920505 0.920290 0.920156 0.919725 0.919889 0.919931 0.919228 0.918986 0.918736 0.918847 0.918991 0.918616 0.918399 0.918214 0.918435 0.918255 0.918476 0.917798 0.918042 0.917762 0.918333 0.917743 0.917859 0.917705 0.917897 0.917219 0.917021 0.917147 0.916957 0.916673 0.916344 0.916251 0.916043 0.915616 0.915773 0.915882 0.915759 0.915769 0.915837 0.915627 0.915518 0.915400 0.915697 0.914686 0.914783 0.915343 0.914633 0.914558 0.914208 0.914164 0.914210 0.913678 0.914045 0.914261 0.914054 0.914056 0.914108 0.913633 0.913508 0.913447 0.913203 0.913409 0.913462 0.912977 0.913453 0.913730 0.913426 0.913275 0.912945 0.912947 0.913126 0.912863 0.912164 0.912016 0.911662 0.911731 0.911628 0.911378 0.911462 0.911426 0.910932 0.911119 0.910939 0.911347 0.911123 0.911121 0.910792 0.910911 0.910273 0.910255 0.910303 0.910585 0.910577 0.910569 0.910687 0.910374 0.910470 0.910483 0.910415 0.910542 0.910380 0.910307 0.910450 0.910274 0.910232 0.910033 0.910318 0.910560 0.910464 0.910772 0.910482 0.910514 0.910387 0.910367 0.910534 0.910034 0.910242 0.909660 0.910043 0.909837 0.909078 0.908603 0.908712 0.908681 0.908683 0.908826 0.908368 0.908999 0.908050 0.908060 0.908333 0.908282 0.907881 0.907078 0.906729 0.906485 0.905930 0.906144 0.905364 0.905200 0.904382 0.903963 0.903276 0.902963 0.902290 0.901914 0.901546 0.901125 0.900360 0.900158 0.898992 0.897808 0.897847 0.897275 0.896216 0.895955 0.895546 0.894753 0.893998 0.893360 0.892687 0.892597 0.891471 0.891165 0.891385 0.890913 0.890365 0.890146 0.890315 0.889734 0.889711 0.889385 0.888710 0.888888 0.888223 0.888649 0.888375 0.889342 0.890445 0.890354 0.891645 0.893650 0.895732 0.897305 0.899310 0.899479 0.902544 0.906456 0.910405 0.914040 0.917629 0.917499 0.921434 0.924234 0.927855 0.931070 0.933114 0.933215 0.935746 0.937562 0.939508 0.940748 0.941666 0.941662 0.942301 0.942520 0.942099 0.941453 0.940312 0.940249 0.938675 0.936360 0.933760 0.931205 0.927976 0.928100 0.924706 0.921184 0.918150 0.913724 0.910202 0.910182 0.906382 0.902171 0.898438 0.894502 0.890274 0.890433 0.886558 0.882338 0.878875 0.874048 0.869242 0.863914 0.863832 0.857882 0.851963 0.845426 0.839105 0.833364 0.833338 0.826242 0.820139 0.811090 0.803986 0.796128 0.796440 0.790112 0.782366 0.775943 0.768860 0.763371 0.763357 0.758773 0.753847 0.751412 0.749388 0.748611 0.748466 0.747990 0.750906 0.755446 0.761574 0.771419 0.772116 0.782980 0.794238 0.808797 0.825544 0.839985 0.839790 0.855005 0.872080 0.886793 0.900386 0.911306 0.911335 0.918160 0.923583 0.925864 0.924988 0.924067 0.923851 0.923592 ;0.000000 0.000184 -0.000067 -0.000177 -0.000011 -0.000052 0.000161 0.000377 0.000333 0.000315 0.000709 0.000771 0.000869 0.000974 0.001030 0.000992 0.000918 0.001111 0.001101 0.001294 0.001278 0.001309 0.001531 0.001233 0.001520 0.001682 0.001647 0.001703 0.002119 0.002100 0.002050 0.002310 0.002207 0.002158 0.002528 0.002581 0.002530 0.002460 0.002918 0.003067 0.003037 0.003143 0.003267 0.003685 0.003794 0.003750 0.003727 0.003930 0.004080 0.004317 0.004394 0.004427 0.004336 0.004733 0.004916 0.005143 0.005318 0.005347 0.005554 0.005976 0.005939 0.005988 0.006205 0.006169 0.006393 0.006803 0.006661 0.007222 0.007450 0.007418 0.007587 0.007648 0.007864 0.008108 0.008078 0.008044 0.008417 0.008468 0.008846 0.009060 0.008952 0.008915 0.009141 0.009604 0.009728 0.009760 0.009979 0.010052 0.010308 0.010292 0.010522 0.010861 0.010679 0.010770 0.011150 0.011300 0.011295 0.011603 0.011655 0.011607 0.011705 0.011934 0.012107 0.012313 0.012375 0.012315 0.012961 0.012965 0.012931 0.013262 0.013475 0.013588 0.013637 0.013632 0.013804 0.014047 0.014209 0.014192 0.014220 0.014218 0.014443 0.014515 0.014612 0.014822 0.014857 0.014879 0.015049 0.015048 0.015381 0.015378 0.015344 0.015562 0.015488 0.015538 0.015932 0.015908 0.015961 0.015913 0.016339 0.016547 0.016496 0.016766 0.016682 0.016791 0.016975 0.017562 0.017508 0.017640 0.017502 0.017975 0.018162 0.018139 0.018515 0.018606 0.018638 0.018671 0.018977 0.018969 0.019364 0.019810 0.019893 0.019765 0.020291 0.020501 0.020720 0.020683 0.020759 0.021205 0.021171 0.021530 0.021809 0.021895 0.021777 0.022481 0.022555 0.023003 0.023046 0.023418 0.023648 0.023986 0.024274 0.024952 0.025112 0.025085 0.025068 0.025598 0.025891 0.026145 0.026840 0.026731 0.026544 0.027008 0.027442 0.028013 0.028221 0.028666 0.028758 0.029082 0.029146 0.030106 0.030723 0.031331 0.031492 0.031522 0.031889 0.032713 0.033259 0.033583 0.033632 0.034044 0.034631 0.035239 0.035498 0.036030 0.036132 0.037175 0.037592 0.037886 0.038384 0.038899 0.038982 0.039822 0.040000 0.040666 0.041317 0.041830 0.041750 0.042145 0.042626 0.043337 0.044041 0.044406 0.044450 0.044977 0.045911 0.046476 0.046665 0.047683 0.047597 0.048258 0.048698 0.048849 0.049621 0.050414 0.050517 0.051357 0.051430 0.052210 0.053061 0.053677 0.053570 0.053695 0.054795 0.055754 0.055819 0.056634 0.056755 0.057136 0.057790 0.058534 0.058984 0.059554 0.059629 0.060463 0.060867 0.061287 0.062186 0.062948 0.063043 0.063219 0.064100 0.064921 0.065473 0.066001 0.066165 0.066690 0.067451 0.068106 0.068581 0.068820 0.068922 0.069889 0.070493 0.070829 0.071541 0.072257 0.072366 0.073021 0.073486 0.074140 0.074473 0.075663 0.075508 0.076152 0.076512 0.077401 0.078079 0.078704 0.078780 0.079316 0.080067 0.080857 0.081973 0.082309 0.082433 0.083415 0.084091 0.084500 0.085282 0.086226 0.086146 0.086632 0.087456 0.088050 0.088607 0.088979 0.089566 0.089413 0.090265 0.090652 0.091738 