I = [1.000000 0.996206 0.984855 0.966031 0.939871 ;0.000000 0.087025 0.173380 0.258425 0.341530 ;0.000000 0.000042 0.000098 0.000052 0.000008 ]; 
J = [0.000000 -0.087025 -0.173380 -0.258425 -0.341530 ;1.000000 0.996206 0.984855 0.966031 0.939871 ;0.000000 -0.000129 -0.000194 -0.000136 -0.000095 ]; 
K = [0.000000 -0.000053 -0.000131 -0.000086 -0.000040 ;0.000000 0.000125 0.000174 0.000118 0.000087 ;1.000000 1.000000 1.000000 1.000000 1.000000 ]; 
x = [0.000000 0.057564 0.122399 0.165631 0.212566 ]; 
y = [0.000000 -0.064981 -0.111003 -0.135036 -0.158331 ];
z = [0.000000 -0.682172 -1.365020 -2.046692 -2.727387 ]; 
